1)
Enter the upper and lower bound.
2 3
Enter the desired predefined error_threshold.
0.00001

------------------------------------------------------
Iteration       x_lower x_upper x_mid   f(x_mid)

------------------------------------------------------
         1   2.000000   3.000000   2.500000  -3.375000
         2   2.500000   3.000000   2.750000   0.796875
         3   2.500000   2.750000   2.625000  -1.412109
         4   2.625000   2.750000   2.687500  -0.339111
         5   2.687500   2.750000   2.718750   0.220917
         6   2.687500   2.718750   2.703125  -0.061077
         7   2.703125   2.718750   2.710938   0.079423
         8   2.703125   2.710938   2.707031   0.009049
         9   2.703125   2.707031   2.705078  -0.026045
        10   2.705078   2.707031   2.706055  -0.008506
        11   2.706055   2.707031   2.706543   0.000270
        12   2.706055   2.706543   2.706299  -0.004118
        13   2.706299   2.706543   2.706421  -0.001924
        14   2.706421   2.706543   2.706482  -0.000827
        15   2.706482   2.706543   2.706512  -0.000279
        16   2.706512   2.706543   2.706528  -0.000004
The desired root below the predefined error is 2.7065277099609
3750000

2)
Enter the upper and lower bound.
1 2
Enter the desired predefined error_threshold.
0.00001

------------------------------------------------------
Iteration       x_lower x_upper x_mid   f(x_mid)

------------------------------------------------------
         1   1.000000   2.000000   1.500000  -0.018311
         2   1.500000   2.000000   1.750000   0.504603
         3   1.500000   1.750000   1.625000   0.203419
         4   1.500000   1.625000   1.562500   0.083233
         5   1.500000   1.562500   1.531250   0.030203
         6   1.500000   1.531250   1.515625   0.005390
         7   1.500000   1.515625   1.507812  -0.006598
         8   1.507812   1.515625   1.511719  -0.000638
         9   1.511719   1.515625   1.513672   0.002367
        10   1.511719   1.513672   1.512695   0.000862
        11   1.511719   1.512695   1.512207   0.000111
        12   1.511719   1.512207   1.511963  -0.000264
        13   1.511963   1.512207   1.512085  -0.000076
        14   1.512085   1.512207   1.512146   0.000018
        15   1.512085   1.512146   1.512115  -0.000029
        16   1.512115   1.512146   1.512131  -0.000006
The desired root below the predefined error is 1.5121307373046
8750000

3)
Enter the upper and lower bound.
2 5
Enter the desired predefined error_threshold.
0.00001

------------------------------------------------------
Iteration       x_lower x_upper x_mid   f(x_mid)

------------------------------------------------------
         1   2.000000   5.000000   3.500000   0.704238
         2   2.000000   3.500000   2.750000   0.008165
         3   2.000000   2.750000   2.375000  -0.307799
         4   2.375000   2.750000   2.562500  -0.152799
         5   2.562500   2.750000   2.656250  -0.073036
         6   2.656250   2.750000   2.703125  -0.032612
         7   2.703125   2.750000   2.726562  -0.012267
         8   2.726562   2.750000   2.738281  -0.002062
         9   2.738281   2.750000   2.744141   0.003049
        10   2.738281   2.744141   2.741211   0.000493
        11   2.738281   2.741211   2.739746  -0.000785
        12   2.739746   2.741211   2.740479  -0.000146
        13   2.740479   2.741211   2.740845   0.000173
        14   2.740479   2.740845   2.740662   0.000014
        15   2.740479   2.740662   2.740570  -0.000066
        16   2.740570   2.740662   2.740616  -0.000026
        17   2.740616   2.740662   2.740639  -0.000006
The desired root below the predefined error is 2.7406387329101
5625000

4)
Enter the upper and lower bound.
1 2
Enter the desired predefined error_threshold.
0.00001

------------------------------------------------------
Iteration       x_lower x_upper x_mid   f(x_mid)

------------------------------------------------------
         1   1.000000   2.000000   1.500000  -0.591802
         2   1.500000   2.000000   1.750000  -0.220672
         3   1.750000   2.000000   1.875000  -0.021359
         4   1.875000   2.000000   1.937500   0.081460
         5   1.875000   1.937500   1.906250   0.029794
         6   1.875000   1.906250   1.890625   0.004153
         7   1.875000   1.890625   1.882812  -0.008619
         8   1.882812   1.890625   1.886719  -0.002237
         9   1.886719   1.890625   1.888672   0.000957
        10   1.886719   1.888672   1.887695  -0.000640
        11   1.887695   1.888672   1.888184   0.000158
        12   1.887695   1.888184   1.887939  -0.000241
        13   1.887939   1.888184   1.888062  -0.000041
        14   1.888062   1.888184   1.888123   0.000059
        15   1.888062   1.888123   1.888092   0.000009
The desired root below the predefined error is 1.8880920410156
2500000

5)
Enter the upper and lower bound.
1 2
Enter the desired predefined error_threshold.
0.00001 

------------------------------------------------------
Iteration       x_lower x_upper x_mid   f(x_mid)

------------------------------------------------------
         1   1.000000   2.000000   1.500000   0.496242
         2   1.000000   1.500000   1.250000   0.186231
         3   1.000000   1.250000   1.125000   0.015051
         4   1.000000   1.125000   1.062500  -0.071827
         5   1.062500   1.125000   1.093750  -0.028362
         6   1.093750   1.125000   1.109375  -0.006643
         7   1.109375   1.125000   1.117188   0.004208
         8   1.109375   1.117188   1.113281  -0.001216
         9   1.113281   1.117188   1.115234   0.001496
        10   1.113281   1.115234   1.114258   0.000140
        11   1.113281   1.114258   1.113770  -0.000538
        12   1.113770   1.114258   1.114014  -0.000199
        13   1.114014   1.114258   1.114136  -0.000030
        14   1.114136   1.114258   1.114197   0.000055
        15   1.114136   1.114197   1.114166   0.000013
        16   1.114136   1.114166   1.114151  -0.000009
The desired root below the predefined error is 1.1141510009765
6250000

6)
Enter the upper and lower bound.
1 3
Enter the desired predefined error_threshold.
0.00001

------------------------------------------------------
Iteration       x_lower x_upper x_mid   f(x_mid)

------------------------------------------------------
         1   1.000000   3.000000   2.000000  13.000000
         2   1.000000   2.000000   1.500000   2.180340
         3   1.000000   1.500000   1.250000  -0.023256
         4   1.250000   1.500000   1.375000   0.892895
         5   1.250000   1.375000   1.312500   0.392956
         6   1.250000   1.312500   1.281250   0.174903
         7   1.250000   1.281250   1.265625   0.073399
         8   1.250000   1.265625   1.257812   0.024473
         9   1.250000   1.257812   1.253906   0.000460
        10   1.250000   1.253906   1.251953  -0.011435
        11   1.251953   1.253906   1.252930  -0.005497
        12   1.252930   1.253906   1.253418  -0.002521
        13   1.253418   1.253906   1.253662  -0.001031
        14   1.253662   1.253906   1.253784  -0.000286
        15   1.253784   1.253906   1.253845   0.000087
        16   1.253784   1.253845   1.253815  -0.000099
        17   1.253815   1.253845   1.253830  -0.000006
The desired root below the predefined error is 1.2538299560546
8750000

7)
Real Solutions to the equation doesn't exist.
